# efibootmgr -v
BootCurrent: 0002
Timeout: 1 seconds
BootOrder: 0002,0006,0001,0000
Boot0000* Windows Boot Manager	VenHw(REDACTED-GUID)57494e444f5753000100000088000000780000004200430044004f0042004a004500430054003d007b00390064006500610038003600320063002d0035006300640064002d0034006500370030002d0061006300630031002d006600330032006200330034003400640034003700390035007d00000000000100000010000000040000007fff0400
      dp: 01 04 14 00 e7 75 e2 99 a0 75 37 4b a2 e6 c5 38 5e 6c 00 cb / 7f ff 04 00
    data: 57 49 4e 44 4f 57 53 00 01 00 00 00 88 00 00 00 78 00 00 00 42 00 43 00 44 00 4f 00 42 00 4a 00 45 00 43 00 54 00 3d 00 7b 00 39 00 64 00 65 00 61 00 38 00 36 00 32 00 63 00 2d 00 35 00 63 00 64 00 64 00 2d 00 34 00 65 00 37 00 30 00 2d 00 61 00 63 00 63 00 31 00 2d 00 66 00 33 00 32 00 62 00 33 00 34 00 34 00 64 00 34 00 37 00 39 00 35 00 7d 00 00 00 00 00 01 00 00 00 10 00 00 00 04 00 00 00 7f ff 04 00
Boot0001* Hard Drive	BBS(HD,,0x0)/VenHw(REDACTED-GUID,0200)0000474f00004e4fab0000000100000085005300530044002000350031003200470042000000050109000200000000010416008b12e85cec2cf040837280640e3dc85802007fff040002010c00d041030a0000000001010600001703120a000000ffff00007fff040001043e00ef47642dc93ba041ac194d51d01b4ce63000300030003300300036002000200020002000200020002000200020002000200020002000200000007fff04000000424f
      dp: 05 01 09 00 02 00 00 00 00 / 01 04 16 00 8b 12 e8 5c ec 2c f0 40 83 72 80 64 0e 3d c8 58 02 00 / 7f ff 04 00
    data: 00 00 47 4f 00 00 4e 4f ab 00 00 00 01 00 00 00 85 00 53 00 53 00 44 00 20 00 35 00 31 00 32 00 47 00 42 00 00 00 05 01 09 00 02 00 00 00 00 01 04 16 00 8b 12 e8 5c ec 2c f0 40 83 72 80 64 0e 3d c8 58 02 00 7f ff 04 00 02 01 0c 00 d0 41 03 0a 00 00 00 00 01 01 06 00 00 17 03 12 0a 00 00 00 ff ff 00 00 7f ff 04 00 01 04 3e 00 ef 47 64 2d c9 3b a0 41 ac 19 4d 51 d0 1b 4c e6 30 00 30 00 30 00 33 00 30 00 36 00 20 00 20 00 20 00 20 00 20 00 20 00 20 00 20 00 20 00 20 00 20 00 20 00 20 00 20 00 00 00 7f ff 04 00 00 00 42 4f
Boot0002* Kubuntu	HD(1,GPT,REDACTED-GUID,0x1000,0x96000)/\EFI\UBUNTU\SHIMX64.EFI
      dp: 04 01 2a 00 01 00 00 00 00 10 00 00 00 00 00 00 00 60 09 00 00 00 00 00 50 c2 ff 0d 1c b2 a3 46 9d 31 88 23 16 6f df d6 02 02 / 04 04 34 00 5c 00 45 00 46 00 49 00 5c 00 55 00 42 00 55 00 4e 00 54 00 55 00 5c 00 53 00 48 00 49 00 4d 00 58 00 36 00 34 00 2e 00 45 00 46 00 49 00 00 00 / 7f ff 04 00
Boot0006* UEFI OS	HD(1,GPT,REDACTED-GUID,0x1000,0x96000)/\EFI\BOOT\BOOTX64.EFI0000424f
      dp: 04 01 2a 00 01 00 00 00 00 10 00 00 00 00 00 00 00 60 09 00 00 00 00 00 50 c2 ff 0d 1c b2 a3 46 9d 31 88 23 16 6f df d6 02 02 / 04 04 30 00 5c 00 45 00 46 00 49 00 5c 00 42 00 4f 00 4f 00 54 00 5c 00 42 00 4f 00 4f 00 54 00 58 00 36 00 34 00 2e 00 45 00 46 00 49 00 00 00 / 7f ff 04 00
    data: 00 00 42 4f
# exit 0
